11,3265963780713.3945
22,3073921232009.511
33,2358084908510.595
44,2303120382534.039
11,2761770727584.835
22,2510697536942.8936
33,1580548100149.1943
11,2090249015994.432
11,2825113086434.732
22,2062135183002.1885
11,3745492229379.062
11,3917046663016.272
22,3338955493390.657
33,1762820290276.1353
11,3239663759065.816
22,2983708443756.1035
11,3100200293508.357
11,4.867468208435596e+28
11,1685970279781984.5
11,11.10658185950193
11,-0.30754400676197
11,-0.929583478051739
11,0.271771352223617
11,11.10658185950193
11,-0.30754400676197
11,-0.929583478051739
11,0.271771352223617
11,11.249999914693728
11,-0.353150673957309
11,11.250000006207877
11,-0.374176726979205
11,-1.030961411587483
11,0.480670780486354
11,-0.530137012310673
11,3633915185421.6797
11,3331248245506.8057
11,4264727311048.726
22,3920384953595.9946
11,4427691773908.334
11,2789070216479.1553
11,3726276830307.7188
22,2556483445658.99
33,1838554350192.5676
44,1552543425299.9265
11,4142678574522.8027
11,3914347903421.6055
11,2789070216479.1553
22,2756528529067.337
33,2664930369085.8623
44,1737864744458.885
11,3632927874372.5317
11,4261363154246.547
22,2787612502996.0835
33,2663249860591.543
44,2227536061330.272
11,3728262984704.4756
11,3582179398028.418
22,2822563992728.1685
11,3724898827902.296
22,3722792232549.899
33,4800581328513.929
11,4435665634898.377
11,4146134234708.496
11,4268375437544.074
22,3459134024302.6826
33,3367084117650.925
44,3045642171693.215
55,2694473235971.1484
66,2691996639337.8467
77,2635627449554.476
88,2448442562707.7773
99,2446609208550.593
110,2416156100910.6406
121,2189615069009.2278
132,1117774576340.09
143,545872269091.29175
154,208305910080.63702
165,385335.9853379607
11,4485762344660.422
22,3740610305864.47
33,3639135529672.097
44,2886405461740.848
55,2883931533142.595
66,2573924326163.113
77,2570626301418.479
88,2509518438000.82
99,2405043662258.2627
110,1451537059706.7334
121,885308945783.9393
132,198932819143.295
143,142761349901.10605
154,3416773273.503868
165,44701.62767735606
11,4487060410820.009
22,3952692199715.1523
33,3946533290634.2393
44,3082734148255.967
55,2787963308848.769
66,2737758033439.366
77,2268644872071.64
88,1640503254444.8916
99,1631222074228.7693
110,723578057001.6028
121,723524908416.4623
132,1036453366.5361015
143,1024209125.8038478
154,1476834.2211293038
165,31363.34792615232
176,21375.00882814464
187,21375.00882814464
198,21387.373926726337
209,21494.252399031986
220,30485.589906966652
231,32309.683994608327
242,32309.683994608327
253,31981.712436565736
264,31981.712436565736
275,15549.969213816588
286,7451.785027176965
297,7451.785027176965
308,7451.785027179026
319,5652.4671657378185
330,5652.4671657378185
11,4140571184787.089
22,3331740481445.8203
33,3288537678550.5103
44,2928377558152.391
55,1962386334738.2195
66,1836514512282.9602
77,1835561713858.7595
88,621571487717.2382
99,295509908191.47327
110,293707499945.59686
121,292089007954.8425
132,236194845025.13904
143,29400791399.1091
154,29400415887.400757
165,347851.52591780614
176,347624.94528696977
187,347624.94528696977
198,347565.4301822462
209,347565.4301822462
220,329442.99003592035
231,329338.83686773095
242,328989.2695519438
253,302501.56078518444
264,302501.56078518444
275,302488.7137690101
286,292332.15569256543
297,292332.15569256543
308,14042.796746000344
319,14042.796746000344
330,9066.402015002877
341,8060.253208577699
352,8274.748395255752
363,8274.33314864407
374,8093.230242461357
385,8093.230242608314
396,6695.944390461003
407,6515.393688433241
418,6500.111798028477
429,6448.6336935885265
440,6403.887237660129
451,6403.887237660129
462,6403.887237619113
473,18492.497599343318
484,18492.497537331452
495,12937.315274699615
506,4828.836919044651
517,16126.907527508823
528,18754.83559521405
539,17434.12491391664
550,17439.358089478355
561,17439.35808889931
572,7381.4778764771945
583,3552.440093988758
594,3540.6441530195866
605,3143.8958859920363
616,3143.895886034029
627,3143.8958859587597
638,3131.345838624621
649,3128.3447492538935
660,2128.24962606907
671,1767.8355483717219
682,2027.362269254865
693,2006.6357927918107
704,2006.6357924136294
715,6149.859392785474
726,6149.828728368196
737,5202.481338536212
748,4987.846072133037
759,13627.359593293102
770,23205.031876088004
781,23205.031876088004
792,22928.48567103372
803,22928.48567103372
814,22928.48567103372
825,15203.513445105727
836,25244.877595428767
847,25244.877595428767
858,25244.877595836795
869,15503.872108169746
880,15503.872108142028
891,15503.872108142028
902,2171.009766060562
913,1690.5969045166662
924,1626.8059918558415
935,1627.4954535139445
946,1587.9503649352175
957,790.3284195730345
968,775.2880277048658
979,775.28802408095
990,10703.704819849949
1001,1099.3670743025577
1012,1097.8353708240638
1023,1097.8353708240638
1034,1097.8353708240638
1045,1097.8052922429515
1056,9990.514733887807
1067,2132.361835792419
1078,13656.993925316337
1089,15319.533793030212
1100,25976.557296283492
1111,17868.185135811305
1122,15421.454274396241
1133,15421.454274396241
1144,15421.454318846963
1155,5447.614018791136
1166,15425.399492660936
1177,6621.559981041745
1188,5661.54331460172
1199,15364.356121523113
1210,13682.42382646078
1221,41090.9548192924
1232,31102.65123894478
1243,27229.26300490349
1254,27229.26300490349
1265,32081.674285555087
1276,31881.86496233113
1287,9064.249389973358
1298,9059.413922910604
1309,4943.19336778928
1320,4943.191005437579
1331,3176.888986995577
1342,3176.888986995577
1353,12885.255030721715
1364,12885.226965654338
1375,4779.412254559008
1386,4779.412254559008
1397,4779.412254559008
1408,4770.988355891674
1419,4770.988355891674
1430,11026.138983745941
1441,10212.050919003817
1452,25101.870272446235
1463,22835.877574286147
1474,17876.741002747294
1485,9340.35875513739
1496,5472.209645122716
1507,4940.247188897335
1518,1991.9237316247331
1529,1987.3342761958595
1540,6964.980288178549
1551,6957.430690455426
1562,6641.281032404841
1573,6441.674850735177
1584,6390.849601832631
1595,6937.084302628456
1606,6936.427161183535
1617,1849.7933801602735
1628,1849.7933801317909
1639,1402.7626147503438
1650,1399.8729671737703
1661,6092.848018889751
1672,5564.851202020346
1683,16383.36606276757
1694,21910.985524826683
1705,17993.611496762896
1716,17982.8956224868
1727,12075.686283483532
1738,12279.931992432548
1749,12279.931992432548
1760,20518.572181215855
1771,20504.823432183202
1782,20400.913396995442
1793,15779.194647411578
1804,15779.19464739342
1815,11164.751483328377
1826,11143.451565926582
1837,12340.713561129505
1848,12337.246649840677
1859,11812.982014707488
1870,11086.63121956583
1881,11086.63121956583
1892,7224.955148811246
1903,7185.098310792605
1914,16484.012944917402
1925,15294.336776462307
1936,15284.327343791838
1947,13978.951750608483
1958,11255.90815684431
1969,11101.049545051954
1980,11608.86756345207
1991,11606.12363191096
2002,11709.730779422522
2013,1106.2214062275477
2024,1106.2214062275477
2035,4545.683529237799
2046,5063.336378288383
2057,4826.373281499015
2068,6836.597530879046
2079,6621.15625893623
2090,6620.599711005876
2101,6620.599711005876
2112,6620.599711005876
2123,9390.652754565634
2134,17790.033376957053
2145,17145.582841940006
2156,21567.452148852404
2167,21203.376656401284
2178,17887.100444377964
2189,16507.031888033813
2200,14930.31893213121
2211,15305.081157168388
2222,3150.502493780888
2233,2853.0693323219657
2244,2851.612278571116
2255,2882.813144101869
2266,2879.1562561608216
2277,992.0471780509358
2288,2611.1092096459643
2299,2611.1092096459643
2310,2611.1092096459643
2321,1152.6274680321435
2332,1012.839390536111
2343,985.0543637581908
2354,985.0543637581908
2365,985.0543637581908
2376,969.5845710711143
2387,641.0034926971745
2398,585.3066592402236
2409,585.3066592402236
2420,585.3066592402236
2431,470.7330771017059
2442,468.2442989902533
2453,616.8002115425721
2464,616.8002115425721
2475,3023.784498837408
2486,786.3042357249053
2497,786.231926926707
11,0.480670780486354
22,108.90005078487381
33,0.927690358719902
44,11.249999987547136
55,-0.699230506277515
66,105.86981519631583
77,109.53640100942026
88,0.480670780486354
99,-0.530137012310673
110,-0.864352529089828
121,-0.945070158244212
132,-1.026776530224161
143,-1.030441588896577
154,-1.031342974082826
165,-1.031559489714343
176,-1.031610393817993
187,-1.031624304608154
198,-1.031627783220069
209,-1.03162836402013
220,-1.03162841724664
231,-1.031628445990906
242,-1.031628450926808
253,-1.031628452594234
264,-1.031628453342457
275,-1.031628453467129
286,-1.031628453483822
297,-1.031628453487854
308,-1.031628453489404
319,-1.031628453489735
330,-1.031628453489841
341,-1.031628453489869
352,-1.031628453489873
363,-1.031628453489877
374,-1.031628453489877
385,-1.031628453489877
396,-1.031628453489877
407,-1.031628453489877
418,-1.031628453489877
429,-1.031628453489877
440,-1.031628453489877
451,-1.031628453489877
462,-1.031628453489877
473,-1.031628453489877
484,11.147386697049855
495,124.65
506,5.029094e-09
517,108.90001543023803
528,-1.0583e-10
539,-1.05833e-10
550,-1.05834e-10
561,-1.05834e-10
572,-1.05834e-10
583,-1.05834e-10
594,-1.05834e-10
605,-1.05834e-10
616,-1.05834e-10
627,-1.05834e-10
638,-1.05834e-10
649,-1.05834e-10
660,-1.05834e-10
671,-1.05834e-10
682,-1.05834e-10
693,-1.05834e-10
704,-1.05834e-10
715,-1.05834e-10
726,-1.05834e-10
737,-1.05834e-10
748,-1.05834e-10
759,-1.05834e-10
770,-1.05834e-10
781,-1.05834e-10
792,-1.05834e-10
803,-1.05834e-10
814,-1.05834e-10
825,-1.05834e-10
836,-1.05834e-10
847,-1.05834e-10
858,-1.05834e-10
869,-1.05834e-10
880,-1.05834e-10
891,-1.05834e-10
902,-1.05834e-10
913,-1.05834e-10
924,-1.05834e-10
935,-1.05834e-10
946,-1.05834e-10
11,0.480670780486354
22,108.90005078487381
33,0.927690358719902
44,11.249999987547136
55,-0.699230506277515
66,105.86981519631583
77,109.53640100942026
88,0.480670780486354
99,-0.530137012310673
110,-0.864352529089828
121,-0.945070158244212
132,-1.026776530224161
143,-1.030441588896577
154,-1.031342974082826
165,-1.031559489714343
176,-1.031610393817993
187,-1.031624304608154
198,-1.031627783220069
209,-1.03162836402013
220,-1.03162841724664
231,-1.031628445990906
242,-1.031628450926808
253,-1.031628452594234
264,-1.031628453342457
275,-1.031628453467129
286,-1.031628453483822
297,-1.031628453487854
308,-1.031628453489404
319,-1.031628453489735
330,-1.031628453489841
341,-1.031628453489869
352,-1.031628453489873
363,-1.031628453489877
374,-1.031628453489877
385,-1.031628453489877
396,-1.031628453489877
407,-1.031628453489877
418,-1.031628453489877
429,-1.031628453489877
440,-1.031628453489877
451,-1.031628453489877
462,-1.031628453489877
473,-1.031628453489877
484,11.147386697049855
495,124.65
506,5.029094e-09
517,108.90001543023803
528,-1.0583e-10
539,-1.05833e-10
550,-1.05834e-10
561,-1.05834e-10
572,-1.05834e-10
583,-1.05834e-10
594,-1.05834e-10
605,-1.05834e-10
616,-1.05834e-10
627,-1.05834e-10
638,-1.05834e-10
649,-1.05834e-10
660,-1.05834e-10
671,-1.05834e-10
682,-1.05834e-10
693,-1.05834e-10
704,-1.05834e-10
715,-1.05834e-10
726,-1.05834e-10
737,-1.05834e-10
748,-1.05834e-10
759,-1.05834e-10
770,-1.05834e-10
781,-1.05834e-10
792,-1.05834e-10
803,-1.05834e-10
814,-1.05834e-10
825,-1.05834e-10
836,-1.05834e-10
847,-1.05834e-10
858,-1.05834e-10
869,-1.05834e-10
880,-1.05834e-10
891,-1.05834e-10
902,-1.05834e-10
913,-1.05834e-10
924,-1.05834e-10
935,-1.05834e-10
946,-1.05834e-10
11,4485095716793.131
22,4140847777479.165
33,3005444008857.579
44,2965681913988.764
55,2309728181940.737
66,1619173698193.5664
77,1501790752497.6584
88,1203290006685.477
99,1017689138782.7599
110,188893703599.56958
121,188566960765.38763
132,188476775498.1443
143,82283553149.04854
154,29400144814.221245
165,301077.45072677993
176,57906.509090257496
187,57906.5089221466
198,57906.5089221466
209,55433.326305004586
220,36700.87165748283
231,27141.550889965965
242,27141.550889965965
253,20874.576265033404
264,18433.20205067181
275,18143.59724956384
286,18143.597241417752
297,17600.93995657753
308,17600.93919782576
319,17600.93919716172
330,17600.93919716172
341,17600.93919782576
352,16919.67932894506
363,16919.67932894506
374,23438.08749533858
385,15110.605827074643
396,15017.794672281972
407,14184.597573107192
418,13928.890855553545
429,23650.532412235054
440,21393.930798887355
451,21393.930816827207
462,10398.273521948006
473,10368.26946478713
484,10518.90871150521
495,2931.100813816399
506,6234.8152178244245
517,6503.547842740049
528,6475.399800390085
539,4214.990766824201
550,4214.990767957619
561,4200.966995416918
572,14252.962841947825
583,14154.228846471753
594,15303.867555562792
605,25477.241428015353
616,24079.33195994369
627,23963.78367647652
638,23963.78367647652
649,14653.36198433163
660,14644.540752150773
671,19244.73837612089
682,21956.94044116611
693,21665.566690576692
704,19029.98337803112
715,18872.697523694605
726,18872.69751993907
737,14262.941664651285
748,14167.919813272729
759,4167.117482726407
770,4151.551538791558
781,4150.251522290516
792,8843.907523751828
803,3585.9899722519776
814,3557.6848502141643
825,3531.1455904636364
836,3528.454477785083
847,11623.184358312485
858,20576.881015235755
869,13667.360867502652
880,18064.696413646932
891,18152.23763271171
902,18152.23763271171
913,18152.23763271171
924,18031.75489670748
935,6245.975510984236
946,6245.975519612434
957,6171.8749836954885
968,7777.589910571073
979,4053.9568366103176
990,2983.248852993128
1001,2419.3513323483476
1012,2016.389605822715
1023,2016.389605822715
1034,2914.397529432787
1045,2110.20220892555
1056,3573.4264476534704
1067,3509.650720123547
1078,2790.092750665288
1089,2844.938662736535
1100,2320.8813224374576
1111,2694.436236118596
1122,2589.424310715444
1133,2589.424310715444
1144,2589.157638596226
1155,13729.562418869427
1166,12517.764483274801
1177,12517.764483274801
1188,2516.9620756781437
1199,2244.952201379114
1210,2195.9563978251836
1221,2127.03353475614
1232,9477.524321773277
1243,12378.722959458697
1254,11814.037997066438
1265,11279.430304299747
1276,11279.430304299747
1287,12530.968596485991
1298,12844.453678370934
1309,13981.451160427561
1320,13981.451155897143
1331,13589.333118399849
1342,13589.333106966167
1353,5683.1837186849325
1364,5462.713225862994
1375,6508.794695081418
1386,11569.19971761219
1397,10944.22038300954
1408,9535.018858893645
1419,3349.6647797862506
1430,3844.034689967812
1441,3843.4300418849066
1452,3547.1153576669008
1463,3547.1153576668926
1474,3417.1154327859904
1485,3374.197911661784
1496,2902.014825737343
1507,3003.8899744576242
1518,2999.5052634557824
1529,2496.0059931332557
1540,2468.7686745618325
1551,2266.534271942763
1562,2730.1065145992384
1573,2144.9970443648913
1584,2143.8531694810686
1595,7223.891408095907
1606,7302.714880128088
1617,7272.4850349606995
1628,7227.726081357073
1639,6256.761796575965
1650,5153.470855556178
1661,5153.4708555603775
1672,5153.4708555603775
1683,5384.360169432927
1694,5384.360170533707
1705,1041.7066137837478
1716,1051.1652759117487
1727,910.1579394730204
1738,904.9026000896463
1749,877.7339153310111
1760,878.2383632850788
1771,877.3176648823444
1782,1059.544459964732
1793,1017.7514308292335
1804,4324.196772853695
1815,3670.0385261422052
1826,3673.0086606728364
1837,3258.023305347234
1848,5032.6869700925
1859,6367.565477833327
1870,6367.56547940548
1881,14069.513678376381
1892,13137.8349682907
1903,13220.34272380875
1914,16294.453230370022
1925,13539.237713372278
1936,13488.902896980437
1947,2319.309113549443
1958,2057.1476726633464
1969,1896.3806237456713
1980,7288.326497076534
1991,7089.694391963671
2002,6444.169641765724
2013,6444.169641765724
2024,6916.369594331168
2035,6916.2045369263915
2046,6916.204552638809
2057,6710.089489722297
2068,2198.943344867164
2079,2198.943344867164
2090,3332.019848322723
2101,3332.0198483137788
2112,2122.801241838172
2123,2030.3716198945106
2134,1242.928148091041
2145,1239.5175715814655
2156,1222.1428745379228
2167,1619.7950841545703
2178,1125.1681987066072
2189,1124.796989837412
2200,1084.395145947172
2211,1084.395145947172
2222,1072.6899214780492
2233,1070.457174222468
2244,3545.8836351266928
2255,7107.732128478653
2266,14064.699406556034
2277,14963.605789327403
2288,16591.11926654655
2299,16591.11926654655
2310,7212.930038288904
2321,7378.357732868513
2332,7271.745996358973
2343,3923.359838331496
2354,8684.05651391379
2365,8684.05651391379
2376,5551.946046034457
2387,12324.162407698512
2398,12259.525822702182
2409,12136.268738669305
2420,12166.421615495048
2431,6727.58199939035
2442,2519.1391970539316
2453,5058.336690658273
2464,3029.4646369696125
2475,3060.6258675109348
2486,3060.6260949487314
2497,3060.6260949487314
11,0.480670780486354
22,108.90005078487381
33,0.927690358719902
44,11.249999987547136
55,-0.699230506277515
66,105.86981519631583
77,109.53640100942026
88,0.480670780486354
99,-0.530137012310673
110,-0.864352529089828
121,-0.945070158244212
132,-1.026776530224161
143,-1.030441588896577
154,-1.031342974082826
165,-1.031559489714343
176,-1.031610393817993
187,-1.031624304608154
198,-1.031627783220069
209,-1.03162836402013
220,-1.03162841724664
231,-1.031628445990906
242,-1.031628450926808
253,-1.031628452594234
264,-1.031628453342457
275,-1.031628453467129
286,-1.031628453483822
297,-1.031628453487854
308,-1.031628453489404
319,-1.031628453489735
330,-1.031628453489841
341,-1.031628453489869
352,-1.031628453489873
363,-1.031628453489877
374,-1.031628453489877
385,-1.031628453489877
396,-1.031628453489877
407,-1.031628453489877
418,-1.031628453489877
429,-1.031628453489877
440,-1.031628453489877
451,-1.031628453489877
462,-1.031628453489877
473,-1.031628453489877
484,11.147386697049855
495,124.65
506,5.029094e-09
517,108.90001543023803
528,-1.0583e-10
539,-1.05833e-10
550,-1.05834e-10
561,-1.05834e-10
572,-1.05834e-10
583,-1.05834e-10
594,-1.05834e-10
605,-1.05834e-10
616,-1.05834e-10
627,-1.05834e-10
638,-1.05834e-10
649,-1.05834e-10
660,-1.05834e-10
671,-1.05834e-10
682,-1.05834e-10
693,-1.05834e-10
704,-1.05834e-10
715,-1.05834e-10
726,-1.05834e-10
737,-1.05834e-10
748,-1.05834e-10
759,-1.05834e-10
770,-1.05834e-10
781,-1.05834e-10
792,-1.05834e-10
803,-1.05834e-10
814,-1.05834e-10
825,-1.05834e-10
836,-1.05834e-10
847,-1.05834e-10
858,-1.05834e-10
869,-1.05834e-10
880,-1.05834e-10
891,-1.05834e-10
902,-1.05834e-10
913,-1.05834e-10
924,-1.05834e-10
935,-1.05834e-10
946,-1.05834e-10
957,-1.05834e-10
968,-1.05834e-10
979,-1.05834e-10
990,-1.05834e-10
1001,-1.05834e-10
1012,-1.05834e-10
1023,-1.05834e-10
1034,-1.05834e-10
1045,-1.05834e-10
1056,-1.05834e-10
1067,-1.05834e-10
1078,-1.05834e-10
1089,-1.05834e-10
1100,-1.05834e-10
1111,-1.05834e-10
1122,-1.05834e-10
1133,-1.05834e-10
1144,-1.05834e-10
1155,-1.05834e-10
1166,-1.05834e-10
1177,-1.05834e-10
1188,-1.05834e-10
1199,-1.05834e-10
1210,-1.05834e-10
1221,-1.05834e-10
1232,-1.05834e-10
1243,-1.05834e-10
1254,-1.05834e-10
1265,-1.05834e-10
1276,-1.05834e-10
1287,-1.05834e-10
1298,-1.05834e-10
1309,-1.05834e-10
1320,-1.05834e-10
1331,-1.05834e-10
1342,-1.05834e-10
1353,-1.05834e-10
1364,-1.05834e-10
1375,-1.05834e-10
1386,-1.05834e-10
1397,-1.05834e-10
1408,-1.05834e-10
1419,-1.05834e-10
1430,-1.05834e-10
1441,-1.05834e-10
1452,-1.05834e-10
1463,-1.05834e-10
1474,-1.05834e-10
1485,-1.05834e-10
1496,-1.05834e-10
1507,-1.05834e-10
1518,-1.05834e-10
1529,-1.05834e-10
1540,-1.05834e-10
1551,-1.05834e-10
1562,-1.05834e-10
1573,-1.05834e-10
1584,-1.05834e-10
1595,-1.05834e-10
1606,-1.05834e-10
1617,-1.05834e-10
1628,-1.05834e-10
1639,-1.05834e-10
1650,-1.05834e-10
1661,-1.05834e-10
1672,-1.05834e-10
1683,-1.05834e-10
1694,-1.05834e-10
1705,-1.05834e-10
1716,-1.05834e-10
1727,-1.05834e-10
1738,-1.05834e-10
1749,-1.05834e-10
1760,-1.05834e-10
1771,-1.05834e-10
1782,-1.05834e-10
1793,-1.05834e-10
1804,-1.05834e-10
1815,-1.05834e-10
1826,-1.05834e-10
1837,-1.05834e-10
1848,-1.05834e-10
1859,-1.05834e-10
1870,-1.05834e-10
1881,-1.05834e-10
1892,-1.05834e-10
1903,-1.05834e-10
1914,-1.05834e-10
1925,-1.05834e-10
1936,-1.05834e-10
1947,-1.05834e-10
1958,-1.05834e-10
1969,-1.05834e-10
1980,-1.05834e-10
1991,-1.05834e-10
2002,-1.05834e-10
2013,-1.05834e-10
2024,-1.05834e-10
2035,-1.05834e-10
2046,-1.05834e-10
2057,-1.05834e-10
2068,-1.05834e-10
2079,-1.05834e-10
2090,-1.05834e-10
2101,-1.05834e-10
2112,-1.05834e-10
2123,-1.05834e-10
2134,-1.05834e-10
2145,-1.05834e-10
2156,-1.05834e-10
2167,-1.05834e-10
2178,-1.05834e-10
2189,-1.05834e-10
2200,-1.05834e-10
51,-0.561419678179324
102,-0.499783643192551
153,-0.765708922896243
204,-0.612989627078875
255,-0.518292293702408
306,-0.561419678179324
357,-0.990061664096456
408,-0.589282360117128
459,-0.390754626929462
510,-0.561419678179324
561,-0.990061664096456
612,-0.589282360117128
663,-0.390754626929462
714,-0.561419678179324
765,-0.990061664096456
816,-0.589282360117128
867,-0.390754626929462
918,-0.561419678179324
969,-0.990061664096456
1020,-0.577997959003352
1071,-0.388438190527099
1122,-0.561419678179324
1173,-0.990061664096456
1224,-0.589282360117128
1275,-0.390754626929462
1326,-0.561419678179324
1377,-0.990077534847273
1428,-0.558846220447731
1479,-0.385119799897862
1530,-0.561419678179324
1581,-0.990061664096456
1632,-0.589282360117128
1683,-0.377836925580191
1734,-0.561419678179324
1785,-0.990061664096456
1836,-0.589282360117128
1887,-0.390754626929462
1938,-0.561419678179324
1989,-0.990061664096456
2040,-0.589282360117128
2091,-0.390754626929462
2142,-0.561419678179324
2193,-0.990070849954709
2244,-0.589314496628623
2295,-0.389845465022627
2346,-0.561419678179324
2397,-0.990070849924604
2448,-0.589375364651856
2499,-0.387808747621181
51,-0.561419678179324
102,-0.499783643192551
153,-0.765708922896243
204,-0.612989627078875
255,-0.518292293702408
306,-0.561419678179324
357,-0.990061664096456
408,-0.589282360117128
459,-0.390754626929462
510,-0.561419678179324
561,-0.990061664096456
612,-0.589282360117128
663,-0.390754626929462
714,-0.561419678179324
765,-0.990061664096456
816,-0.589282360117128
867,-0.390754626929462
918,-0.561419678179324
969,-0.990061664096456
1020,-0.589282360117128
1071,-0.390754626929462
1122,-0.561419678179324
1173,-0.990061664096456
1224,-0.589282360117128
1275,-0.390754626929462
1326,-0.561419678179324
1377,-0.990061664096456
1428,-0.589282360117128
1479,-0.390754626929462
1530,-0.561419678179324
1581,-0.990061664096456
1632,-0.589282360117128
1683,-0.390754626929462
1734,-0.561419678179324
1785,-0.990061664096456
1836,-0.589282360117128
1887,-0.390754626929462
1938,-0.561419678179324
1989,-0.990061664096456
2040,-0.589282360117128
2091,-0.390754626929462
2142,-0.561419678179324
2193,-0.990061664096456
2244,-0.589282360117128
2295,-0.390754626929462
2346,-0.561419678179324
2397,-0.990061664096456
2448,-0.589282360117128
2499,-0.390754626929462
51,-0.283868557448773
102,0.088257920070604
153,0.088257920070604
204,0.088257914542069
255,0.088257913143035
306,0.088257913143035
357,0.088257913143035
408,0.088257920070604
459,0.088257920070604
510,0.088257920070604
561,0.088257920070604
612,0.088257920070604
663,0.088257920070604
714,0.088257920070604
765,0.088257920070604
816,0.088257920070604
867,0.088257920070604
918,0.088257920070604
969,0.088257920070604
1020,0.088257920070604
1071,0.088257920070604
1122,0.088257920070604
1173,0.088257920070604
1224,0.088257920070604
1275,0.088257920070604
1326,0.088257920070604
1377,0.088257920070604
1428,0.088257920070604
1479,0.088257920070604
1530,0.088257920070604
1581,0.088257920070604
1632,0.088257920070604
1683,0.088257920070604
1734,0.088257920070604
1785,0.088257920070604
1836,0.088257920070604
1887,0.088257920070604
1938,0.088257920070604
1989,0.088257920070604
2040,0.088257920070604
2091,0.088257920070604
2142,0.088257920070604
2193,0.088257920070604
2244,0.088257920070604
2295,0.088257920070604
2346,0.088257920070604
2397,0.088257920070604
2448,0.088257920070604
2499,0.088257920070604
51,0.295249225748382
51,-0.283868557448773
102,0.088257920070604
153,0.088257914542069
204,0.088257914542069
255,0.088257913143035
306,0.088257913143035
357,0.088257920070604
408,0.088257920070604
459,0.088257920070604
510,0.088257920070604
561,0.088257920070604
612,0.088257920070604
663,0.088257920070604
714,0.088257920070604
765,0.088257920070604
816,0.088257920070604
867,0.088257920070604
918,0.088257920070604
969,0.088257920070604
1020,0.088257920070604
1071,0.088257920070604
1122,0.088257920070604
1173,0.088257920070604
1224,0.088257920070604
1275,0.088257920070604
1326,0.088257920070604
1377,0.088257920070604
1428,0.088257920070604
1479,0.088257920070604
1530,0.088257920070604
1581,0.088257920070604
1632,0.088257920070604
1683,0.088257920070604
1734,0.088257920070604
1785,0.088257920070604
1836,0.088257920070604
1887,0.088257920070604
1938,0.088257920070604
1989,0.088257920070604
2040,0.088257920070604
2091,0.088257920070604
2142,0.088257920070604
2193,0.088257920070604
2244,0.088257920070604
2295,0.088257920070604
2346,0.088257920070604
2397,0.088257920070604
2448,0.088257920070604
2499,0.088257920070604
51,-0.561419678179324
102,-0.499783643192551
153,-0.765708922896243
204,-0.612989627078875
255,-0.518292293702408
306,-0.561419678179324
357,-0.561419678179324
408,-0.561419678179324
459,-0.561419678179324
510,-0.561419678179324
561,-0.561419678179324
612,-0.561419678179324
663,-0.561419678179324
714,-0.561419678179324
765,-0.561419678179324
816,-0.561419678179324
867,-0.561419678179324
918,-0.561419678179324
969,-0.561419678179324
1020,-0.561419678179324
1071,-0.561419678179324
1122,-0.561419678179324
1173,-0.561419678179324
1224,-0.561419678179324
1275,-0.561419678179324
1326,-0.561419678179324
1377,-0.561419678179324
1428,-0.561419678179324
1479,-0.561419678179324
1530,-0.561419678179324
1581,-0.561419678179324
1632,-0.561419678179324
1683,-0.561419678179324
1734,-0.561419678179324
1785,-0.561419678179324
1836,-0.561419678179324
1887,-0.561419678179324
1938,-0.561419678179324
1989,-0.561419678179324
2040,-0.561419678179324
2091,-0.561419678179324
2142,-0.561419678179324
2193,-0.561419678179324
2244,-0.561419678179324
2295,-0.561419678179324
2346,-0.561419678179324
2397,-0.561419678179324
2448,-0.561419678179324
2499,-0.561419678179324
51,-0.869890845459338
102,-0.953306893758886
153,-1.029326222693253
204,-1.031293302770608
255,-1.031583017027831
306,-1.031618805154271
357,-1.03162719477968
408,-1.03162768587287
459,-1.03162843514311
510,-1.031628450708508
561,-1.031628453115884
612,-1.031628452906749
663,-1.031628453423399
714,-1.031628453402135
765,-1.031628453470986
816,-1.031628453476735
867,-1.031628453488798
918,-1.0316284534897
969,-1.031628453489735
1020,-1.031628453489849
1071,-1.031628453489874
1122,-1.031628453489877
1173,-1.031628453489875
1224,-1.031628453489877
1275,-1.031628453489877
1326,-1.031628453489877
1377,-1.031628453489877
1428,-1.031628453489877
1479,-1.031628453489877
1530,-1.031628453489877
1581,-1.031628453489878
1632,-1.031628453489878
1683,-1.031628453489878
1734,11.1473866865063
1785,11.419823787773945
1836,11.249985631541206
1887,-0.910149332200757
1938,-0.998565602539548
1989,-0.996468167679331
2040,-0.996468182723339
2091,-0.996468212811346
2142,-0.996468272987322
2193,-0.996468393339119
2244,-0.996468634042089
2295,-0.996469115445538
2346,-0.996470078242478
2397,-0.996472003796519
2448,-0.996475854745242
2499,-0.996483556005257
51,2.139936384633402
102,2.028337429011426
153,2.126930447110715
204,1.993722040851797
255,2.111456746262212
306,1.951688594048456
357,2.093051003387781
408,1.899499094923917
459,2.071148443569764
510,1.831783945409479
561,2.045043208760316
612,1.736087758086891
663,2.013812590166433
714,1.579325754013704
765,1.976161873359549
816,2.141776964669589
867,2.184029282019072
918,2.139936384633402
969,2.139936384633402
1020,2.139936384633402
1071,2.139936384633402
1122,2.139936384633402
1173,2.139936384633402
1224,2.139936384633402
1275,2.139936384633402
1326,2.139936384633402
1377,2.139936384633402
1428,2.139936384633402
1479,2.139936384633402
1530,2.139936384633402
1581,2.139936384633402
1632,2.139936384633402
1683,2.139936384633402
1734,2.139936384633402
1785,2.139936384633402
1836,2.139936384633402
1887,2.139936384633402
1938,2.139936384633402
1989,2.139936384633402
2040,2.139936384633402
2091,2.139936384633402
2142,2.139936384633402
2193,2.139936384633402
2244,2.139936384633402
2295,2.139936384633402
2346,2.139936384633402
2397,2.139936384633402
2448,2.139936384633402
2499,2.139936384633402
51,2.139936384633402
102,2.028337429011426
153,2.126930447110715
204,7690.926451876692
255,3.076487724087814
306,3.064005636635976
357,1.9424263952414376e+130
408,3.064005713139586
459,1.9424263952414376e+130
510,3.064005701165141
561,3.064005693195405
612,1.9424263952414376e+130
663,6.855494946768769e+129
714,2.5206995472796674e+129
765,9.235195816515044e+128
816,3.3802861737414627e+128
867,1.237117225800829e+128
918,4.529214074928025e+127
969,3.064005697590866
1020,3.06400569757575
1071,3.06400568962148
1122,3.064005689619791
1173,3.064005689618049
1224,1.9424263952414376e+130
1275,3.064005697267026
1326,3.064005697265539
1377,2.20720648733734
1428,2.207200673977332
1479,2.207197767302215
1530,2.207196313965878
1581,2.207195587298014
1632,2.20719522396416
1683,2.20719504229725
1734,2.207194951463801
1785,2.207194906047078
1836,2.207194883338715
1887,2.207194871984535
1938,2.207194866307445
1989,2.2071948634689
2040,2.207194862049626
2091,2.207194861339991
2142,2.207194860985172
2193,2.207194860807763
2244,2.207194860719059
2295,2.207194860674707
2346,2.207194860652531
2397,2.207194860641442
2448,2.207194860635898
2499,2.207194860633126
51,2.139936384633402
102,2.028337429011426
153,2.126930447110715
204,7690.926451876692
255,3.076487724087814
306,3.064005636635976
357,1.9424263952414376e+130
408,3.064005713139586
459,1.9424263952414376e+130
510,3.064005701165141
561,3.064005693195405
612,1.9424263952414376e+130
663,6.855494946768769e+129
714,2.5206995472796674e+129
765,9.235195816515044e+128
816,3.3802861737414627e+128
867,1.237117225800829e+128
918,4.529214074928025e+127
969,3.064005697590866
1020,3.06400569757575
1071,3.06400568962148
1122,3.064005689619791
1173,3.064005689618049
1224,1.9424263952414376e+130
1275,3.064005697267026
1326,3.064005697265539
1377,2.20720648733734
1428,2.207200673977332
1479,2.207197767302215
1530,2.207196313965878
1581,2.207195587298014
1632,2.20719522396416
1683,2.20719504229725
1734,2.207194951463801
1785,2.207194906047078
1836,2.207194883338715
1887,2.207194871984535
1938,2.207194866307445
1989,2.2071948634689
2040,2.207194862049626
2091,2.207194861339991
2142,2.207194860985172
2193,2.207194860807763
2244,2.207194860719059
2295,2.207194860674707
2346,2.207194860652531
2397,2.207194860641442
2448,2.207194860635898
2499,2.207194860633126
21,0.159024842688659
42,2.207069158259515
63,2.207038436488238
84,2.207079951103478
105,2.207079516666479
126,2.207081835943162
147,0.853148013962197
168,3.064005716090448
189,1.9424263952414376e+130
210,3.064005702579977
231,1.9424263952414376e+130
252,6.563829752989786e+129
273,2.3869220983263245e+129
294,8.71038377980759e+128
315,3.1829079667656427e+128
336,1.1642599949623884e+128
357,4.259510698289084e+127
378,1.5641235508399026e+127
399,5.730642210985516e+126
420,1.89413822541348e+126
441,7.020998630330504e+125
462,2.5878206466170037e+125
483,3.5035269198320583e+124
504,2.4797409350293672e+123
525,3.355254461351066e+122
546,3.064005697266908
567,3.0640056972658
588,1.9424263952414376e+130
609,1.564536695235667
630,11.867036464415987
651,2.207081814084822
672,2.207081483742503
693,2.207081318571359
714,2.207081235985791
735,2.207081194693008
756,2.207081174046616
777,2.207081163723421
798,2.207081158561823
819,2.207081155981024
840,2.207081154690625
861,2.207081154045425
882,2.207081153722825
903,2.207081153561525
924,2.207081153480875
945,2.207081153440551
966,2.207081153420388
987,2.207081153410307
1008,2.207081153405266
1029,2.207081153402746
1050,2.207081153401485
1071,2.207081153400855
1092,2.20708115340054
1113,2.207081153400383
1134,2.207081153400304
1155,2.207081153400265
1176,2.207081153400245
1197,2.207081153400235
1218,2.20708115340023
1239,2.207081153400228
1260,2.207081153400227
1281,2.207081153400226
1302,2.207081153400226
1323,2.207081153400226
1344,2.207081153400226
1365,2.207081153400226
1386,2.207081153400226
1407,2.207081153400226
1428,2.207081153400226
1449,2.207081153400226
1470,2.207081153400226
1491,2.207081153400226
1512,2.207081153400226
1533,2.207081153400226
1554,2.207081153400226
1575,2.207081153400226
1596,2.207081153400226
1617,2.207081153400226
1638,2.207081153400226
1659,2.207081153400226
1680,2.207081153400226
1701,2.207081153400226
1722,2.207081153400226
1743,2.207081153400226
1764,2.207081153400226
1785,2.207081153400226
1806,2.207081153400226
1827,2.207081153400226
1848,2.207081153400226
1869,2.207081153400226
1890,2.207081153400226
1911,2.207081153400226
1932,2.207081153400226
1953,2.207081153400226
1974,2.207081153400226
1995,2.207081153400226
2016,2.207081153400226
2037,2.207081153400226
2058,2.207081153400226
2079,2.207081153400226
2100,2.207081153400226
2121,2.207081153400226
2142,2.207081153400226
2163,2.207081153400226
2184,2.207081153400226
2205,2.207081153400226
2226,2.207081153400226
2247,2.207081153400226
2268,2.207081153400226
2289,2.207081153400226
2310,2.207081153400226
2331,2.207081153400226
2352,2.207081153400226
2373,2.207081153400226
2394,2.207081153400226
2415,2.207081153400226
2436,2.207081153400226
2457,2.207081153400226
2478,2.207081153400226
2499,2.207081153400226
21,90206151435023.9
42,6858270755170.494
63,148490.79645596998
84,21312217151.973206
105,3.4095603880247584e+17
126,8.029113498395658e+16
147,1.6784342940140142e+16
168,3314464208098226.5
189,652809090816748.2
210,3.4577693414834323e+17
231,9.175456237362083e+16
252,2.037747893355106e+16
273,1.8293855177719075e+17
294,3.629616263583398e+16
315,9610176925439478.0
336,1846059515761240.8
357,456232344309886.7
378,9.999279908e+17
399,1.5695615279385494e+17
420,3.002988617187847e+16
441,4664425208927447.0
462,484369213236952.75
483,1.0000719908e+18
504,1.0425253361979674e+16
525,3.4010613485870944e+17
546,7513994998397628.0
567,63.99996537748616
588,9.999279908e+17
609,63.99999999831446
630,63.99999997377158
651,1.0001199903084986e+17
672,1542297538508905.5
693,21466247904571.996
714,333350943330.17474
735,4653217974.16851
756,63.99999998393364
777,9.998799864235835e+16
798,63.99994946658858
819,9.998799864202744e+16
840,1541362754431100.2
861,21434707651680.613
882,1.0001199895819933e+17
903,9.998799864181898e+16
924,63.99977886850893
945,1.0001199895819574e+17
966,63.92866528221725
987,9.998799864180778e+16
1008,63.984564036559945
1029,1.0001199895819302e+17
1050,63.99999999165624
1071,63.999999991656225
1092,63.999999991656225
1113,63.999999991656225
1134,63.999999991656225
1155,63.999999991656225
1176,63.999999991656225
1197,63.999999991656225
1218,63.999999991656225
1239,63.999999991656225
1260,63.999999991656225
1281,63.999999991656225
1302,63.999999991656225
1323,63.999999991656225
1344,63.999999991656225
1365,63.999999991656225
1386,63.999999991656225
1407,63.999999991656225
1428,63.999999991656225
1449,63.999999991656225
1470,63.999999991656225
1491,63.999999991656225
1512,63.999999991656225
1533,63.999999991656225
1554,63.999999991656225
1575,63.999999991656225
1596,63.999999991656225
1617,63.999999991656225
1638,63.999999991656225
1659,63.999999991656225
1680,63.999999991656225
1701,63.999999991656225
1722,63.999999991656225
1743,63.999999991656225
1764,63.999999991656225
1785,63.999999991656225
1806,63.999999991656225
1827,63.999999991656225
1848,63.999999991656225
1869,63.999999991656225
1890,63.999999991656225
1911,63.999999991656225
1932,63.999999991656225
1953,63.999999991656225
1974,63.999999991656225
1995,63.999999991656225
2016,63.999999991656225
2037,63.999999991656225
2058,63.999999991656225
2079,63.999999991656225
2100,63.999999991656225
2121,63.999999991656225
2142,63.999999991656225
2163,63.999999991656225
2184,63.999999991656225
2205,63.999999991656225
2226,63.999999991656225
2247,63.999999991656225
2268,63.999999991656225
2289,63.999999991656225
2310,63.999999991656225
2331,63.999999991656225
2352,63.999999991656225
2373,63.999999991656225
2394,63.999999991656225
2415,63.999999991656225
2436,63.999999991656225
2457,63.999999991656225
2478,63.999999991656225
2499,63.999999991656225
51,6294196314453.599
102,18569169.97163608
153,26990695679.55713
204,63.99999926080574
255,63.89585610414999
306,63.999931554139685
357,63.999999832730865
408,63.99999999989914
459,63.99999811624096
510,63.99997746660248
561,48.7337579731488
612,50.255474268371316
663,30.100706432323484
714,7.559400153082944
765,0.348816422170657
816,0.111257533837395
867,0.001556030427643
918,3.400189496567271e+17
969,7.618891587092531e+16
1020,2.5320027105533155e+17
1071,3.512224496587159e+16
1122,5006347455836732.0
1173,1043600501672931.5
1224,3.8509589857249734e+17
1275,1.0000665534085918e+17
1326,9.999279908e+17
1377,63.99999574825615
1428,1.0000719908e+18
1479,63.999999999894925
1530,63.99999997662311
1581,63.99999994520097
1632,63.99999992454343
1683,3.399999954946733e+17
1734,60.44906008536635
1785,3.3999999491359597e+17
1836,4604583104760761.0
1887,3.399999954907077e+17
1938,4605083380432250.0
1989,59632826209132.914
2040,3.399999949098803e+17
51,2.139936384633402
102,2.028337429011426
153,2.126930447110715
204,7690.926451876692
255,3.076487724087814
306,3.064005636635976
357,1.9424263952414376e+130
408,3.064005713139586
459,1.9424263952414376e+130
510,3.064005701165141
561,3.064005693195405
612,1.9424263952414376e+130
663,6.855494946768769e+129
714,2.5206995472796674e+129
765,9.235195816515044e+128
816,3.3802861737414627e+128
867,1.237117225800829e+128
918,4.529214074928025e+127
969,3.064005697590866
1020,3.06400569757575
1071,3.06400568962148
1122,3.064005689619791
1173,3.064005689618049
1224,1.9424263952414376e+130
1275,3.064005697267026
1326,3.064005697265539
1377,2.20720648733734
1428,2.207200673977332
1479,2.207197767302215
1530,2.207196313965878
1581,2.207195587298014
1632,2.20719522396416
1683,2.20719504229725
1734,2.207194951463801
1785,2.207194906047078
1836,2.207194883338715
1887,2.207194871984535
1938,2.207194866307445
1989,2.2071948634689
2040,2.207194862049626
2091,2.207194861339991
2142,2.207194860985172
2193,2.207194860807763
2244,2.207194860719059
2295,2.207194860674707
2346,2.207194860652531
2397,2.207194860641442
2448,2.207194860635898
2499,2.207194860633126
51,0.910669246322368
102,2.190194959183966
153,0.105057333495926
204,0.001488040415117
255,0.000869597078792
306,0.03125481105586
357,0.059929027399864
408,0.05246970797336
459,0.067447728655663
510,0.067461754117599
561,0.026449344298684
612,0.012313991415865
663,0.00235638063823
714,6.248428679e-05
765,6.3543252065e-05
816,7.60584407e-07
867,7.18670531e-07
918,3.000206383e-06
969,2.324518268e-06
1020,7.593362849e-06
1071,7.325077357e-06
1122,1.0988251675e-05
1173,1.121334963e-05
1224,8.315456951e-06
1275,1.973178451e-06
1326,1.789594692e-06
1377,4.11803231e-07
1428,3.22724284e-07
1479,3.20059486e-07
1530,5.0447228e-08
1581,3.2451027e-08
1632,4.3229e-09
1683,3.837524e-09
1734,8.88408e-10
1785,1.01013e-10
1836,2.1865e-11
1887,2.2041e-11
1938,4.8204e-11
1989,4.8202e-11
2040,6.5712e-11
51,1.089972122029343
102,6243.663743558716
153,6380.620369820461
204,6430.803501984924
255,14431.607433971167
306,13899.31452634475
357,13899.215149545033
408,11357.663756098193
459,15974.696269733828
510,7061.9269281211045
561,4723.835481301108
612,4723.823883809096
663,277.00571896808407
714,277.00077434826477
765,274.5650798121841
816,274.0657705771457
867,274.06125332905407
918,3.92186298805665
969,3.896369078997954
1020,10.376569737382805
1071,10.3761609602184
1122,14.784501259845523
1173,14.784288880186004
1224,14.75253629746714
1275,14.73498346040185
1326,14.734886607353916
1377,7.168982829240529
1428,7.162344723570154
1479,7.162300516647167
1530,1.105630047324076
1581,1.105619779524685
1632,1.104197522558764
1683,0.063943459172585
1734,0.01335525233717
1785,0.013354293382222
1836,0.013259497553419
1887,0.013259019853231
1938,0.015890925339895
1989,0.015849411421016
2040,0.017453263898167
2091,0.017453053619315
2142,0.017433754326948
2193,0.010044797918077
2244,0.010028261357866
2295,0.010028107495128
2346,0.009829357332278
2397,0.009829284710827
2448,0.009821641710623
2499,0.009821605404746
51,295876.07237902144
102,295876.0723705506
153,6156.557009294057
204,6156.557009294057
255,14411.966655021877
306,13677.36566137291
357,5538.7503382239975
408,5538.7503382239975
459,2719.184220909763
510,2719.184220909763
561,3e-15
51,1.47754e-10
102,1.4255e-10
51,1.47754e-10
102,1.4255e-10
51,295876.07237902144
102,295876.0723705506
51,295876.07237902144
102,295876.0723705506
51,295876.07236207963
102,292512.29120532813
51,0.0
51,0.0
51,1.9424263952414376e+130
11,0.0
22,0.0
33,306400569.7266908
11,0.0
22,0.0
33,306400569.7266908
11,0.0
22,0.0
11,0.0
22,0.0
33,306400569.7266908
11,0.0
22,0.0
33,306400569.7266908
11,0.0
22,0.0
33,306400569.7266908
11,0.0
22,0.0
33,306400569.7266908
43,0.0
54,0.0
97,0.0
11,0.0
22,0.0
33,306400569.7266908
43,0.0
54,0.0
43,0.0
54,0.0
97,0.0
11,0.0
22,0.0
33,306400569.7266908
11,0.0
22,0.0
33,306400569.7266908
43,0.0
54,0.0
63,0.0
79,0.0
63,0.0
79,0.0
63,0.0
79,0.0
63,2.206761606125455
63,2.206761606125455
63,2.206761606125455
63,0.0
79,0.0
63,0.0
79,0.0
63,0.0
79,0.0
63,0.0
79,0.0
63,0.0
79,0.0
63,0.620461149262867
79,0.620461153693539
63,0.0
79,0.0
63,0.0
79,0.0
63,0.0
79,0.0
63,0.0
79,0.0
63,0.0
79,0.0
63,0.0
79,0.0
63,0.0
79,0.0
63,0.0
79,0.0
63,0.0
79,0.0
63,0.0
79,0.0
63,0.0
79,0.0
63,0.0
79,0.0
63,0.0
79,0.0
63,0.0
79,0.0
63,0.0
79,0.0
203,0.0
219,0.0
63,2.206761606125455
187,2.199353124897187
311,2.172012378951383
63,2.206761606125455
95,2.20470175434456
219,2.196200190201414
63,2.206761606125455
95,2.20470175434456
219,2.196200190201414
18,2.207003544249009
18,2.207003544249009
18,2.207003544249009
43,2.206761606134358
75,2.204701743615353
118,2.129293112271155
43,2.206761606134358
75,2.204701743615353
118,2.129293112271155
43,2.206761606134358
75,2.204701743615353
118,2.129293112271155
63,2.206761606125455
95,2.20470175434456
199,2.196200190201414
32,2.207081367000026
64,2.207073367169853
96,1.703819459007702
32,2.207081367000026
64,2.207073367169853
96,1.703819459007702
32,2.207081367000026
64,2.207073367169853
96,1.703819459007702
32,2.207081367000026
64,2.207073367169853
96,1.703819459007702
32,2.207081367000026
64,2.207073367169853
96,1.703819459007702
16,1.836859518332521
32,2.207081367000026
64,2.207073367169853
96,1.703819459007702
32,2.207081367000026
64,2.207081367000026
96,2.207081367000026
128,2.207081367000026
160,2.207081367000026
192,2.207081367000026
224,2.207081367000026
256,2.207081367000026
32,2.207081367000026
64,2.207072304455716
96,2.20705390082228
128,2.207038768826348
160,2.207030509683843
192,2.207026722167805
224,2.207025106081987
256,2.207024436561648
32,2.207081367000026
64,2.207072304455716
96,2.20705390082228
128,2.207038768826348
160,2.207030509683843
192,2.207026722167805
224,2.207025106081987
256,2.207024436561648
32,2.207081367000026
64,2.207073367169853
96,1.703819459007702
32,2.207081367000026
64,2.207073367169853
96,1.703819459007702
32,2.207081367000026
64,2.207072304455716
96,2.20705390082228
128,2.207038768826348
160,2.207030509683843
192,2.207026722167805
224,2.207025106081987
256,2.207024436561648
32,2.207081367000026
64,2.207072304455716
96,2.20705390082228
128,2.207038768826348
160,2.207030509683843
192,2.207026722167805
224,2.207025106081987
256,2.207024436561648
32,2.207081367000026
64,2.207072304455716
96,2.20705390082228
16,3.104611414349733
32,16148735.355849184
48,16148735.355849184
64,16148735.355849184
96,16148735.355849184
112,16148735.355849184
144,16148735.355849184
160,16148735.355849184
192,16148735.355849184
208,16148735.355849184
240,16148735.355849184
272,16148735.355849184
32,16148735.355849184
16,16148735.355849184
32,16148735.355849184
48,16148735.355849184
64,16148735.355849184
80,16148735.355849184
96,16148735.355849184
128,16148735.355849184
144,16148735.355849184
176,16148735.355849184
192,16148735.355849184
224,16148735.355849184
240,16148735.355849184
272,16148735.355849184
288,16148735.355849184
16,0.0
32,0.0
16,0.0
32,0.0
48,0.0
64,0.0
80,0.0
96,0.0
112,0.0
128,0.0
63,9.863732274560308
126,925318312.0548053
142,2.127767817701831
205,2.127767796670682
268,2.127767796670721
284,2.127766993458347
300,2.127766993458347
63,9.863732274560308
126,1219824380.9881802
32,2.207081367000026
64,2.207072304455716
96,2.20705390082228
128,2.207038768826348
160,2.207030509683843
192,2.207026722167805
224,2.207025106081987
256,2.207024436561648
16,4141035899315.539
32,2062307744461.9946
48,1674891168730.5527
64,816061437262.2277
80,395325391181.5387
96,365533127317.58936
112,364144663235.53906
128,85594450104.82143
144,83877895599.9843
160,90018.0
176,90018.0
192,90018.0
208,68858.15103219576
224,43135.34002118004
240,43135.34002118004
256,17120.797192834292
272,7119.994785201601
288,7119.994785201601
16,3424810563789.8247
32,2254022927779.9824
48,2212689923614.355
64,469331705321.76276
80,269062392570.93912
96,34002987060.45423
112,30265290807.88371
128,30258499434.073074
144,30258499434.073074
160,30258499434.073074
176,30258344501.66121
192,30258344501.66121
208,30243154884.294556
240,30243154884.294556
256,16176086.05408055
272,16171593.6544884
104,2.211760924976425
32,2.207081367000026
64,2.207072304455716
96,2.20705390082228
128,2.207038768826348
160,2.207030509683843
192,2.207026722167805
224,2.207025106081987
256,2.207024436561648
104,2.211760924976425
32,2.207081367000026
32,2.207081367000026
64,2.207072304455716
96,2.20705390082228
32,2.207081367000026
64,2.207072304455716
96,2.20705390082228
128,2.207038768826348
160,2.207030509683843
192,2.207026722167805
224,2.207025106081987
256,2.207024436561648
63,0.0
63,0.0
63,0.0
126,0.0
142,0.0
16,0.0
32,0.0
48,0.0
64,0.0
80,0.0
96,0.0
112,0.0
128,0.0
16,2.192547999265635
79,2.192547999265635
16,2.192547999265635
79,2.192547999265635
63,3.064005697266908
79,2.192547999265635
63,3.064005697266908
79,2.192547999265635
16,2.192547999265635
79,2.192547999265635
142,2.192547999265635
16,2.071559296747956
32,2.071559296747956
48,2.071559296747956
64,1.853162265736629
80,1.853162265736629
96,1.853162265736629
112,1.853162265736629
128,1.853162265736629
144,1.853162265736629
248,1.540794280527218
264,1.540794280527218
16,2.071559296747956
32,2.071559296747956
48,2.071559296747956
64,1.853162265736629
80,1.853162265736629
96,1.853162265736629
112,1.853162265736629
128,1.853162265736629
144,1.853162265736629
248,1.540794280527218
264,1.540794280527218
16,2.071559296747956
32,2.071559296747956
48,2.071559296747956
64,1.853162265736629
80,1.853162265736629
96,1.853162265736629
112,1.853162265736629
128,1.853162265736629
144,1.853162265736629
248,1.540794280527218
264,1.540794280527218
16,3.064005697266908
32,2.071559296747956
48,2.071559296747956
64,1.853162265736629
80,1.853162265736629
96,1.853162265736629
112,1.853162265736629
128,1.853162265736629
144,1.853162265736629
248,1.540794280527218
264,1.540794280527218
16,3.060218208610126
32,3.060218208610126
48,3.060218208610126
64,3.060218208610126
80,3.060218208610126
96,3.060218208610126
112,3.060218208610126
128,3.060218208610126
16,2.071559296747956
32,2.071559296747956
48,2.071559296747956
64,1.853162265736629
80,1.853162265736629
96,1.853162265736629
112,1.853162265736629
128,1.853162265736629
144,1.853162265736629
248,1.540794280527218
264,1.540794280527218
21,2.071559296747956
84,1.861928533199102
188,1.540794280527218
292,1.540794280527218
21,2.071559296747956
84,1.861928533199102
188,1.540794280527218
292,1.540794280527218
21,2.071559296747956
84,1.861928533199102
188,1.540794280527218
292,1.540794280527218
21,2.207081367000239
42,2.207059915160909
63,2.206959319725994
84,2.206793208868631
105,2.206638781234786
126,2.206532376276402
147,2.206468993580931
168,2.206433356119586
21,2.207081367000239
42,2.207059915160909
63,2.206959319725994
84,2.206793208868631
105,2.206638781234786
126,2.206532376276402
147,2.206468993580931
168,2.206433356119586
189,2.206413322447684
210,2.20640151727194
231,2.206393912225122
252,2.206388410446695
273,2.20638394511237
294,2.206379979341676
21,2.207081367000239
42,2.207059915160909
63,2.206959319725994
84,2.206793208868631
105,2.206638781234786
126,2.206532376276402
147,2.206468993580931
168,2.206433356119586
189,2.206413322447684
210,2.20640151727194
231,2.206393912225122
252,2.206388410446695
273,2.20638394511237
294,2.206379979341676
21,2.207081367000239
42,2.207059915160909
63,2.206959319725994
84,2.206793208868631
105,2.206638781234786
126,2.206532376276402
147,2.206468993580931
168,2.206433356119586
189,2.206413322447684
210,2.20640151727194
231,2.206393912225122
252,2.206388410446695
273,2.20638394511237
294,2.206379979341676
21,2.207081367000239
42,2.207059915160909
63,2.206959319725994
84,2.206793208868631
105,2.206638781234786
126,2.206532376276402
147,2.206468993580931
168,2.206433356119586
189,2.206413322447684
210,2.20640151727194
231,2.206393912225122
252,2.206388410446695
273,2.20638394511237
294,2.206379979341676
21,2.207081367000239
42,2.207059915160909
63,2.206959319725994
84,2.206793208868631
105,2.206638781234786
126,2.206532376276402
147,2.206468993580931
168,2.206433356119586
189,2.206413322447684
210,2.20640151727194
231,2.206393912225122
252,2.206388410446695
273,2.20638394511237
294,2.206379979341676
42,0.0
42,0.0
22,2.207081367002864
44,2.207059915163589
66,2.206959319728673
88,2.206793208871306
110,2.206638781237458
132,2.206532376279073
154,2.2064689935836
176,2.206433356122254
198,2.206413322450351
220,2.206401517274607
242,2.206393912227789
264,2.206388410449362
286,2.206383945115037
20,2.207081366987883
40,2.20705991514861
60,2.206959319713703
80,2.206793208856353
100,2.206638781222523
120,2.206532376264149
140,2.206468993568684
160,2.206433356107343
180,2.206413322435443
200,2.2064015172597
220,2.206393912212883
240,2.206388410434458
260,2.206383945100133
280,2.20637997932944
300,2.206376244271809
19,2.207081367015881
38,2.207059915176597
57,2.206959319741673
76,2.206793208884291
95,2.206638781250429
114,2.206532376292032
133,2.206468993596553
152,2.206433356135203
171,2.206413322463298
190,2.206401517287552
209,2.206393912240733
228,2.206388410462306
247,2.206383945127979
266,2.206379979357285
285,2.206376244299652
23,2.997885680994755
46,2.997885680994755
69,2.997885680994755
92,2.997885680994755
115,2.997885680994755
138,2.997885680994755
161,2.997885680994755
184,2.997885680994755
207,2.997885680994755
230,2.997885680994755
253,2.997885680994755
276,2.997885680994755
299,2.997885680994755
19,2.207081367015881
38,2.207059915176597
57,2.206959319741673
76,2.206793208884291
95,2.206638781250429
114,2.206532376292032
133,2.206468993596553
152,2.206433356135203
171,2.206413322463298
190,2.206401517287552
209,2.206393912240733
228,2.206388410462306
247,2.206383945127979
266,2.206379979357285
285,2.206376244299652
23,2.997885680994755
46,2.997885680994755
69,2.997885680994755
92,2.997885680994755
115,2.997885680994755
138,2.997885680994755
161,2.997885680994755
184,2.997885680994755
207,2.997885680994755
230,2.997885680994755
253,2.997885680994755
276,2.997885680994755
299,2.997885680994755
23,2.997885680994755
46,2.997885680994755
69,2.997885680994755
92,2.997885680994755
115,2.997885680994755
138,2.997885680994755
161,2.997885680994755
184,2.997885680994755
207,2.997885680994755
230,2.997885680994755
253,2.997885680994755
276,2.997885680994755
299,2.997885680994755
23,2.997885680994755
46,2.997885680994755
69,2.997885680994755
92,2.997885680994755
115,2.997885680994755
138,2.997885680994755
161,2.997885680994755
184,2.997885680994755
207,2.997885680994755
230,2.997885680994755
253,2.997885680994755
276,2.997885680994755
299,2.997885680994755
24,2.997885680994755
48,2.997885680994755
72,2.997885680994755
96,2.997885680994755
120,2.997885680994755
144,2.997885680994755
168,2.997885680994755
192,2.997885680994755
216,2.997885680994755
240,2.997885680994755
264,2.997885680994755
23,2.997885680994755
22,2.207081367002864
25,2.207081367004087
26,2.20708136696562
27,2.207081367015868
29,2.207081367015492
58,2.207059915176203
87,2.205939462047083
21,2.207081367000239
42,2.207059915160909
63,2.206959319725994
84,2.206793208868631
105,2.206638781234786
126,2.206532376276402
147,2.206468993580931
168,2.206433356119586
189,2.206413322447684
210,2.20640151727194
231,2.206393912225122
252,2.206388410446695
273,2.20638394511237
294,2.206379979341676
21,2.207081367000239
63,1.755760314134513
105,1.60568584375292
126,1.449289616158442
291,1.276169287220083
21,2.207081367000239
63,1.755760314134513
21,2.207081367000239
63,1.755760307281568
105,1.332763672712446
270,1.276169287220083
20,2.207081366987883
60,1.755760307267124
100,1.332763672679371
261,1.276169287220083
422,1.276169287220083
583,1.276169287220083
744,1.276169287220083
905,1.276169287220083
1066,1.276169287220083
1227,1.276169287220083
1388,1.276169287220083
1549,1.276169287220083
1710,1.276169287220083
1871,1.276169287220083
2032,1.276169287220083
2193,1.276169287220083
2354,1.276169287220083
23,2.997885680994755
46,2.786362150530476
69,1.043564608074284
92,0.075893523477991
22,2.207081367002864
66,1.755760868189806
88,1.077079581990116
110,0.237048189417438
132,0.211203211722346
154,0.195147929599712
176,0.149027323158459
198,0.144570121702739
220,0.122448321488847
242,0.043118756847729
21,2.207081367000239
63,1.755760868190085
84,1.077079581989861
105,0.237048189416713
126,0.211203211726388
147,0.19514792959517
168,0.14902551243257
189,0.144577746177909
210,0.122468907791475
231,0.0445108347736
42,2.071559296747956
63,0.848627948728383
1930,0.848569866086682
42,1.869362737454773
105,1.869362737454772
21,7.549373183932215
42,2.85439202673889
63,2.530866510709885
84,2.530693308175648
105,2.238350528713424
126,2.238249766813193
578,2.233881665044675
599,1.677887975360545
620,0.720702000783604
785,0.569000300133087
950,0.5680280292767
971,0.518776532254653
992,0.518300185439016
1013,0.503395944651298
1034,0.502944761147796
1055,0.497917189319958
1220,0.497563441433324
1262,0.495965694055821
1283,0.495870868683092
1571,0.491653781999108
1736,0.491240203077548
2024,0.491240203077548
21,0.0
42,0.0
21,0.0
21,6.663817518550843
42,6.663817518550843
63,6.663817518550843
84,6.663817518550843
105,6.663817518550843
126,6.663817518550843
147,6.663817518550843
168,6.663817518550843
189,6.663817518550843
210,6.663817518550843
231,6.663817518550843
252,6.663817518550843
273,6.663817518550843
294,6.663817518550843
315,6.663817518550843
336,6.663817518550843
357,6.663817518550843
378,6.663817518550843
399,6.663817518550843
420,6.663817518550843
441,6.663817518550843
462,6.663817518550843
483,6.663817518550843
504,6.663817518550843
525,6.663817518550843
546,6.663817518550843
567,6.663817518550843
588,6.663817518550843
609,6.663817518550843
630,6.663817518550843
651,6.663817518550843
672,6.663817518550843
693,6.663817518550843
714,6.663817518550843
735,6.663817518550843
756,6.663817518550843
777,6.663817518550843
798,6.663817518550843
36,1.0
72,0.0
108,0.0
221,0.0
36,6.663817518550843
108,6.663817518550843
180,6.663817518550843
252,6.663817518550843
324,6.663817518550843
396,6.663817518550843
468,6.663817518550843
540,6.663817518550843
612,6.663817518550843
684,6.663817518550843
756,6.663817518550843
828,6.663817518550843
900,6.663817518550843
972,6.663817518550843
1044,6.663817518550843
1116,6.663817518550843
1188,6.663817518550843
1260,6.663817518550843
1332,6.663817518550843
1404,6.663817518550843
1476,6.663817518550843
1548,6.663817518550843
1620,6.663817518550843
1692,6.663817518550843
1764,6.663817518550843
1836,6.663817518550843
1908,6.663817518550843
1980,6.663817518550843
2052,6.663817518550843
2124,6.663817518550843
2196,6.663817518550843
2268,6.663817518550843
2340,6.663817518550843
2412,6.663817518550843
2484,6.663817518550843
2556,6.663817518550843
2628,6.663817518550843
2700,6.663817518550843
35,6.663817518550843
105,6.663817518550843
34,6.663817518550843
102,6.663817518550843
66,6.663817518550843
99,6.663817518550843
165,6.663817518550843
231,6.663817518550843
297,6.663817518550843
363,6.663817518550843
429,6.663817518550843
495,6.663817518550843
33,4.8
66,0.639999986232854
99,0.639999986232853
132,0.0
280,0.0
32,1.0
64,0.0
31,4.8
62,0.639999991942014
93,0.639999991942007
124,0.0
227,0.0
30,1.0
60,0.0
303,0.0
29,4.800000000000001
28,4.800000000000001
27,4.8
54,0.639999991941153
81,0.639999991941152
108,0.0
203,0.0
26,4.800000000000001
52,0.639999986232534
78,0.639999986232533
104,0.0
25,4.800000000000001
50,0.639999991941095
75,0.639999991941094
100,0.0
191,0.0
24,1.0
48,0.0
72,0.0
23,1.0
22,4.800000000000001
44,0.639999986233112
66,0.639999986233112
88,0.0
214,0.0
19,1.0
38,0.0
229,0.0
19,4.800000000000001
38,0.639999991941445
57,0.639999991941439
76,0.0
151,0.0
18,1.0
36,0.0
54,0.0
125,0.0
54,0.0
17,1.0
34,1e-15
51,0.0
118,0.0
16,4.800000000000001
32,0.639999986232243
48,0.639999986232237
64,0.0
168,0.0
17,4.800000000000001
34,0.639999986232559
51,0.639999986232558
68,0.0
135,0.0
18,4.800000000000001
36,0.639999991941927
54,0.639999991941926
72,0.0
184,0.0
20,4.8
40,0.63999999194175
60,0.639999991941744
80,0.0
159,0.0
22,4.800000000000001
44,0.639999986233112
66,0.639999986233112
88,0.0
23,4.8
46,0.639999991942481
69,0.63999999194248
92,0.0
24,4.8
48,0.639999986233084
72,0.639999986233083
96,0.0
185,0.0
25,1.0
50,1e-15
314,1e-15
26,4.800000000000001
52,0.639999986232534
78,0.639999986232533
104,0.0
27,1.0
54,1e-15
81,0.0
176,0.0
28,1.0
56,0.0
291,0.0
34,1.0
63,1e-15
302,1e-15
34,4.800000000000001
63,0.639999986232515
92,0.639999986232509
121,0.0
220,0.0
35,1.0
65,0.0
308,0.0
36,1.0
67,0.0
314,0.0
37,1.0
69,0.0
320,0.0
39,1.0
73,0.0
332,0.0
39,4.800000000000001
73,0.63999999194098
107,0.639999991940979
141,0.0
250,0.0
39,4.800000000000001
73,0.63999999194098
107,0.639999991940979
141,0.0
250,0.0
39,4.800000000000001
73,0.63999999194098
107,0.639999991940979
141,0.0
250,0.0
39,1.0
73,0.0
332,0.0
39,1.0
73,0.0
332,0.0
39,4.800000000000001
73,0.63999999194098
107,0.639999991940979
141,0.0
250,0.0
39,4.800000000000001
73,0.63999999194098
107,0.639999991940979
141,0.0
250,0.0
39,1.0
73,0.0
332,0.0
39,1.0
73,0.0
332,0.0
39,4.800000000000001
73,0.63999999194098
107,0.639999991940979
141,0.0
250,0.0
39,1.0
73,0.0
332,0.0
39,4.800000000000001
73,0.63999999194098
107,0.639999991940979
141,0.0
250,0.0
39,4.800000000000001
73,0.63999999194098
107,0.639999991940979
141,0.0
250,0.0
39,1.0
73,0.0
332,0.0
39,4.800000000000001
73,0.63999999194098
107,0.639999991940979
141,0.0
250,0.0
39,1.0
73,0.0
332,0.0
39,4.800000000000001
73,0.63999999194098
107,0.639999991940979
141,0.0
250,0.0
39,4.800000000000001
73,0.63999999194098
107,0.639999991940979
141,0.0
40,1.0
75,0.0
338,0.0
40,4.8
75,0.639999991941698
110,0.639999991941697
145,0.0
256,0.0
40,1.0
75,0.0
338,0.0
40,4.8
75,0.639999991941698
110,0.639999991941697
145,0.0
256,0.0
40,4.8
75,0.639999991941698
110,0.639999991941697
145,0.0
256,0.0
40,4.8
75,0.639999991941698
110,0.639999991941697
145,0.0
256,0.0
40,1.0
75,0.0
338,0.0
40,1.0
75,0.0
338,0.0
40,1.0
75,0.0
338,0.0
40,1.0
75,0.0
338,0.0
40,1.0
75,0.0
338,0.0
40,4.8
75,0.639999991941698
110,0.639999991941697
145,0.0
256,0.0
40,1.0
75,0.0
42,4.800000000000001
79,0.639999986232821
116,0.63999998623282
153,0.0
268,0.0
42,4.800000000000001
79,0.639999986232821
116,0.63999998623282
153,0.0
268,0.0
42,1.0
79,0.0
116,0.0
231,0.0
42,1.0
79,0.0
116,0.0
231,0.0
42,1.0
79,0.0
116,0.0
231,0.0
42,4.800000000000001
79,0.639999986232821
116,0.63999998623282
153,0.0
268,0.0
42,4.800000000000001
79,0.639999986232821
116,0.63999998623282
153,0.0
268,0.0
42,1.0
79,0.0
116,0.0
231,0.0
42,1.0
79,0.0
116,0.0
231,0.0
42,4.800000000000001
79,0.639999986232821
116,0.63999998623282
153,0.0
268,0.0
42,1.0
79,0.0
116,0.0
231,0.0
42,1.0
79,0.0
116,0.0
231,0.0
42,1.0
79,0.0
116,0.0
231,0.0
42,4.800000000000001
79,0.639999986232821
116,0.63999998623282
153,0.0
268,0.0
42,1.0
79,0.0
116,0.0
231,0.0
42,1.0
79,0.0
116,0.0
231,0.0
42,4.800000000000001
79,0.639999986232821
116,0.63999998623282
153,0.0
268,0.0
42,1.0
79,0.0
116,0.0
231,0.0
42,1.0
79,0.0
116,0.0
231,0.0
42,4.800000000000001
79,0.639999986232821
116,0.63999998623282
153,0.0
268,0.0
42,1.0
42,1.0
79,0.0
42,361944.38187429134
79,361944.38187429134
43,1.0
81,1e-15
43,79169.8482695875
81,79169.8482695875
44,1.0
83,0.0
24,1.0
43,0.0
42,1.0
79,0.0
116,0.0
231,0.0
41,4.800000000000001
77,0.639999991941465
113,0.639999991941464
149,0.0
262,0.0
41,283474593427890.5
77,88050661.26062165
190,17296252.85473865
40,4.8
75,0.639999991941698
110,0.639999991941697
145,0.0
256,0.0
27,1.0
49,1e-15
260,1e-15
28,1.0
51,0.0
266,0.0
312,1286615.3856389807
335,1286615.3856389807
381,1286615.2651031439
404,5765773.231194943
450,5765773.231194943
473,622196813259839.8
496,202368592657624.28
583,35913982.387565926
606,35913982.387565926
757,99540326.43205902
780,11760625.842513945
867,2349670.9948584638
890,0.999999973835465
977,1.4970364e-08
1064,1e-15
1151,1e-15
1325,3366587564869847.0
1348,37618444.948666655
1435,37618444.948666655
29,4.8
53,0.639999986233084
77,0.639999986233083
101,0.0
190,0.0
392,24942756807.458122
481,1595908.3584174043
505,1595908.3584174043
553,1595908.3584174027
577,334520753009329.4
601,334520753009329.4
625,334520753009329.4
649,682326625743207.4
673,682326625743207.4
697,682326625743207.4
721,24584119.33169293
769,24583643.56642443
793,150527103.33484182
817,5.000000010000004
906,0.999999990000006
995,3e-15
1214,3e-15
