-9432.595003162005
-1624.2176404533966
5774.117233032832
-411.6628433539099
-2817.40684013416
-6156.761085784854
7316.432849116256
1286.8962647118697
6865.522154032911
-5169.1564010751135
1988.3678675456795
-5501.248395795833
-3481.7876981294385
-4405.842001823032
1013.4767745149293
5504.150171453901
-1748.0670398923685
-1762.7392475444976
-2358.53326997934
-1868.667086532132
-10000.0
-10000.0
-4362.8123004680465
4213.6674859511895
-2890.563428875209
6300.451878582311
-8305.276400641249
-780.4640740708928
-9259.691827624854
-1640.546234176165
-6660.557479975926
-3989.5647671030583
3384.9593080710474
-988.9080212933568
-577.1129805307846
462.1374813885195
7144.650106790894
6134.345850031414
-4049.2984029792333
-8558.257141486594
-4627.77568622647
-5025.957190960817
6737.492385624857
9034.52585121489
-724.017713623427
1434.288262981785
-7917.162792722952
-5755.057221177416
-1246.7161115874096
-3557.6867813280896
